X_Accel Y_Accel Z_Accel
-0.056669 -0.040687 -0.997899
-0.071492 -0.023058 -0.992531
-0.061549 -0.011956 -0.979416
-0.029036 -0.002623 -0.979477
-0.032696 -0.005124 -0.955199
-0.023485 -0.031171 -0.951722
-0.009089 -0.048861 -0.978623
-0.042334 -0.073871 -1.050664
-0.043432 -0.065941 -1.021201
-0.057462 -0.059902 -0.983625
-0.027816 -0.052216 -0.992958
-0.043676 -0.082716 -0.981490
-0.047031 -0.083082 -0.982954
-0.062647 -0.101992 -0.968680
-0.081252 -0.151524 -0.973255
-0.058255 -0.158051 -0.950990
-0.053985 -0.175375 -0.930189
-0.044225 -0.175253 -0.956968
-0.064599 -0.171105 -0.963129
-0.082472 -0.171044 -0.971791
-0.074908 -0.205509 -0.949160
-0.068259 -0.218624 -0.938973
-0.066429 -0.243146 -0.949892
-0.080337 -0.246318 -0.948733
-0.094672 -0.255224 -0.953674
-0.088023 -0.260592 -0.939278
-0.083631 -0.277367 -0.921344
-0.099430 -0.289994 -0.915854
-0.090707 -0.304268 -0.883829
-0.074481 -0.318176 -0.886086
-0.080215 -0.317566 -0.859917
-0.092781 -0.330254 -0.882853
-0.091439 -0.359351 -0.882853
-0.104188 -0.371185 -0.879254
-0.108885 -0.368135 -0.882792
-0.117364 -0.381677 -0.885049
-0.119377 -0.389241 -0.891149
-0.135908 -0.397964 -0.895724
-0.152744 -0.418460 -0.903105
-0.146949 -0.437126 -0.874435
-0.118096 -0.448289 -0.853146
-0.103273 -0.447618 -0.883097
-0.116449 -0.443409 -0.888770
-0.125904 -0.444629 -0.874191
-0.125782 -0.460428 -0.859124
-0.121695 -0.493612 -0.845582
-0.134505 -0.491294 -0.856501
-0.142496 -0.512095 -0.858148
-0.142252 -0.521733 -0.857294
-0.135908 -0.502213 -0.789889
-0.131699 -0.539972 -0.804041
-0.125660 -0.581025 -0.765428
-0.094428 -0.603839 -0.734989
-0.091622 -0.614636 -0.728950
-0.103456 -0.643306 -0.753411
-0.104676 -0.635010 -0.733037
-0.099064 -0.641720 -0.707661
-0.114924 -0.683200 -0.681065
-0.111935 -0.679235 -0.677039
-0.094123 -0.675819 -0.686738
-0.111569 -0.674721 -0.691435
-0.109373 -0.690093 -0.687165
-0.105469 -0.691740 -0.674904
-0.098637 -0.697718 -0.650016
-0.111020 -0.716445 -0.636962
-0.100406 -0.734623 -0.631228
-0.055388 -0.724192 -0.622749
-0.040382 -0.746396 -0.604937
-0.042212 -0.769271 -0.572302
-0.062098 -0.803858 -0.560895
-0.051667 -0.804041 -0.555344
-0.027206 -0.830210 -0.565287
-0.015616 -0.793183 -0.565348
-0.018849 -1.262090 -0.722423
-0.050752 -0.732061 -0.472384
0.038979 -0.895541 -0.530212
0.048129 -0.884744 -0.470615
0.069540 -0.860588 -0.479460
0.066124 -0.836981 -0.516121
0.053558 -0.850462 -0.549549
0.074969 -0.845155 -0.521428
0.087718 -0.854183 -0.515633
0.108519 -0.863028 -0.490562
0.120170 -0.866566 -0.478484
0.124989 -0.866444 -0.486597
0.136030 -0.868030 -0.479887
0.148962 -0.852414 -0.480619
0.171227 -0.851621 -0.460611
0.150731 -0.875533 -0.450668
0.186477 -0.877912 -0.466040
0.194407 -0.867298 -0.439871
0.215086 -0.849364 -0.473238
0.235277 -0.840397 -0.488488
0.247721 -0.825452 -0.467443
0.256200 -0.825757 -0.503555
0.263215 -0.813923 -0.511241
0.299632 -0.798429 -0.507459
0.312442 -0.795623 -0.541863
0.348920 -0.786900 -0.536556
0.351055 -0.779397 -0.532408
0.359290 -0.765672 -0.551013
0.371856 -0.761707 -0.532835
0.410103 -0.739747 -0.518561
0.443775 -0.726937 -0.521916
0.448594 -0.713456 -0.513681
0.461099 -0.711687 -0.505080
0.490196 -0.710772 -0.491538
0.505751 -0.695949 -0.472567
0.534116 -0.679296 -0.453840
0.543022 -0.650931 -0.463356
0.549793 -0.624518 -0.520879
0.574681 -0.646173 -0.524600
0.581757 -0.613660 -0.558333
0.575596 -0.599020 -0.561688
0.579073 -0.603534 -0.570716
0.593225 -0.583282 -0.566873
0.596641 -0.575962 -0.563701
0.606889 -0.556625 -0.556930
0.604144 -0.556869 -0.552233
0.624884 -0.529968 -0.560712
0.647271 -0.522343 -0.554368
0.664046 -0.530822 -0.565470
0.656360 -0.508801 -0.543693
0.653432 -0.472201 -0.555100
0.676551 -0.452620 -0.573095
0.677527 -0.432368 -0.565348
0.673867 -0.452620 -0.565897
0.686189 -0.431758 -0.547292
0.681553 -0.408273 -0.577365
0.676734 -0.399184 -0.615795
0.682651 -0.405894 -0.667035
0.678564 -0.382043 -0.670207
0.678198 -0.366183 -0.684847
0.665510 -0.336171 -0.673867
0.673623 -0.316529 -0.650626
0.684908 -0.311466 -0.663253
0.701988 -0.316468 -0.665998
0.704672 -0.317871 -0.674416
0.706563 -0.301828 -0.641781
0.716201 -0.292617 -0.655506
0.707356 -0.256871 -0.660447
0.703452 -0.242841 -0.685884
0.709674 -0.226615 -0.687348
0.711016 -0.218014 -0.645929
0.710894 -0.199287 -0.622688
0.712724 -0.196847 -0.696559
0.699426 -0.203557 -0.776347
0.715591 -0.201239 -0.775188
0.710162 -0.184281 -0.744383
0.686677 -0.169092 -0.720654
0.692045 -0.163724 -0.689361
0.702476 -0.154269 -0.723216
0.714432 -0.149267 -0.749202
0.711748 -0.134017 -0.704855
0.713822 -0.128283 -0.653188
0.731756 -0.134078 -0.623237
0.735538 -0.127368 -0.601033
0.755119 -0.140727 -0.614575
0.769332 -0.150304 -0.626165
0.783423 -0.139141 -0.607987
0.780068 -0.115656 -0.596824
0.772382 -0.090158 -0.575474
0.771040 -0.077348 -0.601765
0.755790 -0.071309 -0.627568
0.767075 -0.075152 -0.640317
0.774456 -0.062891 -0.684847
0.762927 -0.029768 -0.668499
0.759267 -0.011590 -0.634278
0.759267 0.000915 -0.617015
0.753472 -0.006954 -0.617869
0.764208 -0.026108 -0.619028
0.794464 -0.038796 -0.621468
0.801967 -0.040809 -0.653981
0.780617 -0.034709 -0.652700
0.764879 -0.009089 -0.654408
0.737551 0.021655 -0.646173
0.722484 0.032086 -0.649772
0.746945 0.023790 -0.658495
0.766221 0.027084 -0.651175
0.767075 0.036112 -0.640805
0.776042 0.072468 -0.609024
0.752984 0.119499 -0.630008
0.713700 0.184159 -0.663192
0.695156 0.205875 -0.682895
0.706075 0.171166 -0.673196
0.741821 0.146888 -0.672342
0.764269 0.136396 -0.674660
0.745176 0.152500 -0.666791
0.710040 0.173606 -0.679845
0.703513 0.160064 -0.672342
0.711443 0.153171 -0.669536
0.697535 0.158783 -0.667828
0.673562 0.173484 -0.697474
0.653615 0.182878 -0.706136
0.636596 0.176046 -0.689239
0.638426 0.159332 -0.699731
0.656360 0.158905 -0.724680
0.646417 0.184403 -0.748836
0.614270 0.206485 -0.738100
0.594445 0.194163 -0.745420
0.615917 0.194102 -0.737490
0.604388 0.203679 -0.730292
0.594750 0.200507 -0.759328
0.603473 0.214110 -0.766099
0.595421 0.207095 -0.758718
0.605547 0.188124 -0.730353
0.610732 0.193492 -0.742004
0.595177 0.223077 -0.774700
0.557052 0.236985 -0.763293
0.552416 0.207156 -0.791597
0.538020 0.192882 -0.815143
0.527040 0.198860 -0.807396
0.512339 0.221186 -0.810202
0.502396 0.257298 -0.831674
0.472689 0.258457 -0.838384
0.474763 0.235033 -0.828136
0.466711 0.231007 -0.848815
0.462868 0.230031 -0.865041
0.450729 0.239059 -0.853146
0.447435 0.222589 -0.836249
0.441152 0.209840 -0.825330
0.425170 0.213744 -0.821060
0.384605 0.232349 -0.852536
0.345992 0.246989 -0.875289
0.336598 0.253760 -0.887245
0.339953 0.232776 -0.907680
0.345260 0.212585 -0.903349
0.326228 0.228201 -0.897249
0.317261 0.252784 -0.883158
0.303292 0.240584 -0.894626
0.260714 0.231007 -0.899689
0.257847 0.217831 -0.881938
0.253882 0.198006 -0.905240
0.272487 0.229848 -0.897188
0.257420 0.272731 -0.900238
0.231495 0.254126 -0.937448
0.221186 0.226493 -0.940498
0.208803 0.189588 -0.944158
0.215879 0.228323 -0.952881
0.174887 0.292251 -0.954040
0.151402 0.255834 -0.937448
0.145424 0.185074 -0.970022
0.124989 0.182634 -0.937753
0.119133 0.220820 -0.957517
0.076921 0.237717 -1.001376
0.063745 0.230153 -1.001071
0.078568 0.192211 -0.974170
0.090158 0.145241 -0.946598
0.091927 0.153049 -0.924821
0.071614 0.165920 -0.907070
0.045628 0.168848 -0.953796
0.041053 0.168482 -0.960994
0.038247 0.171044 -0.916769
0.023363 0.149145 -0.903410
0.008662 0.164151 -0.929335
-0.006771 0.183610 -0.941413
-0.019337 0.189466 -0.964654
-0.030500 0.156099 -0.990945
-0.022204 0.156953 -0.967765
-0.036295 0.169702 -0.947086
-0.066124 0.178608 -0.958188
-0.065575 0.178486 -0.925065
-0.056913 0.134139 -0.986614
-0.077714 0.126575 -0.969290
-0.092415 0.106994 -0.952210
-0.110532 0.129320 -0.947208
-0.101260 0.173362 -0.896578
-0.119011 0.150609 -0.944646
-0.123708 0.122061 -0.950746
-0.129625 0.081496 -0.902861
-0.166469 0.046970 -0.913841
-0.183061 0.053802 -0.923662
-0.184708 0.091134 -0.911462
-0.185989 0.097051 -0.943731
-0.221491 0.119133 -0.964105
-0.221125 0.127002 -0.945744
-0.253760 0.090158 -0.954528
-0.270474 0.086864 -0.963251
-0.270718 0.114680 -0.954772
-0.264740 0.102541 -0.970632
-0.300852 0.091988 -0.995093
-0.296277 0.120170 -0.978623
-0.295545 0.106140 -0.935557
-0.299693 0.084302 -0.912255
-0.314455 0.090646 -0.867420
-0.336903 0.104249 -0.850157
-0.329156 0.104371 -0.853085
-0.333975 0.085522 -0.871446
-0.334402 0.087230 -0.879376
-0.350445 0.069784 -0.888953
-0.385276 0.044835 -0.882060
-0.432246 0.022814 -0.864980
-0.438712 0.020862 -0.891637
-0.478911 0.057767 -0.915549
-0.479216 0.057584 -0.893528
-0.457561 0.031171 -0.882060
-0.512949 0.012627 -0.881145
-0.513071 0.005978 -0.849181
-0.502640 -0.004270 -0.817217
-0.480009 -0.015189 -0.798368
-0.460428 -0.011346 -0.793793
-0.476288 -0.005734 -0.798734
-0.487512 0.000549 -0.807457
-0.543876 -0.020435 -0.821365
-0.551440 -0.029524 -0.827892
-0.561810 -0.013298 -0.804041
-0.558577 0.011834 -0.758413
-0.584197 0.015677 -0.776896
-0.588528 -0.007259 -0.764696
-0.599996 0.011773 -0.778543
-0.621041 0.002074 -0.742309
-0.615795 -0.028182 -0.756705
-0.615185 -0.036112 -0.745481
-0.612257 -0.056608 -0.747738
-0.607072 -0.059109 -0.764696
-0.630008 -0.055327 -0.727608
-0.660447 -0.058865 -0.717116
-0.683932 -0.054473 -0.720654
-0.694607 -0.030927 -0.716567
-0.675880 -0.015433 -0.708088
-0.651236 -0.031659 -0.737246
-0.640866 -0.028487 -0.679357
-0.671427 -0.024583 -0.695705
-0.697718 -0.026352 -0.650626
-0.706014 -0.054473 -0.676612
-0.712419 -0.062891 -0.687775
-0.711321 -0.036173 -0.658678
-0.718580 -0.044530 -0.669841
-0.725107 -0.043554 -0.664534
-0.727425 -0.036356 -0.626897
-0.737246 -0.048129 -0.653737
-0.723338 -0.077043 -0.680089
-0.714676 -0.050508 -0.682407
-0.652822 -0.045384 -0.644404
-0.677893 -0.057828 -0.619699
-0.686067 -0.069357 -0.615124
-0.644282 -0.058621 -0.622017
-0.658190 -0.035563 -0.624884
-0.610244 -0.038308 -0.579622
-0.634217 -0.047885 -0.622261
-0.709430 -0.001525 -0.629825
-0.679540 0.008174 -0.590175
-0.639524 -0.004270 -0.584075
-0.963251 -0.017629 -1.378783
-0.658922 -0.033855 -0.693875
-0.643733 -0.100711 -0.823317
-0.612013 -0.049654 -0.790133
-0.629825 -0.029158 -0.744993
-0.616466 -0.012749 -0.730963
-0.588284 -0.022692 -0.785741
-0.553697 -0.060024 -0.839665
-0.556686 -0.058011 -0.932629
-0.470371 -0.026474 -0.786229
-0.535885 -0.030988 -0.827160
-0.523319 -0.056608 -0.865712
-0.444812 -0.033489 -0.805017
-0.444141 0.002989 -0.895114
-0.505995 0.083753 -0.939156
-0.477752 0.004575 -0.882548
-0.524051 -0.047031 -1.052372
-0.442738 -0.098149 -0.876448
-0.393877 -0.075457 -0.924028
-0.327204 -0.031659 -0.858941
-0.331901 -0.038064 -0.904081
-0.328973 -0.035441 -0.899933
-0.345565 -0.036844 -0.897310
-0.265533 -0.081984 -1.065853
-0.343796 -0.057157 -0.991250
-0.280905 -0.058377 -0.901824
-0.216672 -0.029158 -0.932080
-0.205509 -0.023119 -0.876631
-0.331230 0.001525 -0.777933
-0.198311 -0.045811 -0.911462
-0.179828 -0.055144 -0.931775
-0.134200 -0.060207 -1.007232
-0.129503 -0.085949 -0.963129
-0.201239 -0.033489 -1.122522
-0.076860 -0.014396 -0.951234
-0.066307 0.005185 -0.993385
-0.086864 -0.013359 -0.903593
-0.074481 -0.046177 -0.937448
-0.121817 -0.026291 -1.051823
-0.066063 -0.021228 -1.023275
-0.011590 -0.045140 -0.973560
-0.028975 0.015372 -0.989176
-0.023424 0.032635 -0.883524
-0.032391 0.022570 -0.893101
-0.022814 0.078202 -0.901580
-0.039711 -0.025559 -0.958371
-0.118401 0.167262 -1.003633
-0.021472 0.030988 -1.019798
0.001159 -0.041053 -0.978074
-0.308477 0.054839 -1.227015
-0.145729 0.072224 -1.131916
-0.171105 0.061427 -0.988871
-0.129808 0.038491 -0.976061
-0.052948 0.027389 -0.921405
-0.042090 0.026718 -0.989542
-0.018117 -0.002806 -0.966240
-0.025315 -0.003416 -0.978013
-0.090707 0.004636 -0.974170
-0.056913 0.000549 -0.976854
0.015921 0.003782 -0.975512
0.005063 -0.012749 -0.987956
0.014579 -0.016653 -0.975878
0.011224 -0.007991 -0.977647
0.016592 -0.007808 -0.980514
0.005246 -0.001098 -0.971913
0.010797 -0.008723 -0.964776
0.010187 -0.009943 -0.949465
0.015250 -0.003050 -0.969534
0.014579 -0.002867 -0.975634
0.014823 -0.003294 -0.964166
0.017080 -0.006771 -0.967338
0.006344 -0.006832 -0.976915
0.013786 -0.005612 -0.973621
0.015128 -0.008296 -0.975085
0.001830 -0.002379 -0.973926
0.015311 -0.007259 -0.979538
0.016287 -0.003294 -0.970510
0.010797 -0.006283 -0.978013
0.007869 -0.007808 -0.975024
0.007137 -0.003050 -0.974353
0.011895 -0.001647 -0.979660
0.010919 -0.003904 -0.977159
0.007442 -0.010187 -0.978562
0.013786 -0.008235 -0.974658
0.004026 -0.007198 -0.974719
0.014091 -0.007076 -0.971913
0.023180 -0.006039 -0.975146
0.013054 -0.010309 -0.973255
0.017507 -0.004148 -0.974109
0.011102 -0.003050 -0.970998
0.009638 -0.007564 -0.967582
0.008723 -0.001708 -0.973804
0.018727 -0.000854 -0.978257
0.013115 -0.008967 -0.967460
0.011468 -0.010919 -0.977891
0.009943 -0.007686 -0.970937
0.012322 -0.010187 -0.966606
0.011224 -0.009699 -0.968558
0.018666 -0.008174 -0.978501
0.017568 -0.001220 -0.968924
0.001647 -0.008784 -0.974902
0.016775 -0.007076 -0.980148
0.011651 -0.005429 -0.976488
0.016531 -0.007747 -0.952515
0.014884 -0.006466 -0.976915
0.008906 -0.005978 -0.969229
0.010553 -0.004514 -0.972462
0.012017 -0.006466 -0.974170
0.008113 -0.001525 -0.976122
0.012993 -0.004636 -0.978989
0.008723 -0.008479 -0.973926
0.016714 -0.009028 -0.976549
0.009150 -0.005185 -0.964532
0.013664 -0.006710 -0.974414
0.009211 -0.007015 -0.980270
0.008418 -0.011773 -0.980270
0.013603 -0.008540 -0.971608
0.016043 -0.012749 -0.970754
0.017751 -0.004819 -0.974292
0.009638 -0.000732 -0.966850
0.013847 -0.012627 -0.970022
0.014274 -0.012322 -0.970632
0.010675 -0.006283 -0.968375
0.017812 -0.006527 -0.975329
0.015555 -0.011590 -0.978867
0.008113 -0.004270 -0.972462
0.009638 -0.005307 -0.956175
0.008784 -0.010065 -0.962336
0.010553 -0.008784 -0.973194
0.011895 -0.005978 -0.972645
0.016226 -0.007747 -0.966545
0.007015 -0.004575 -0.975085
0.010919 -0.006832 -0.974414
0.012322 -0.005185 -0.971181
0.009638 -0.004514 -0.971425
0.017690 -0.009211 -0.981612
0.009638 -0.003965 -0.975329
0.015006 -0.005185 -0.976793
0.013115 -0.008845 -0.980514
0.016287 -0.005063 -0.980087
0.005063 -0.008479 -0.953125
0.010797 -0.006039 -0.975817
0.015006 -0.004148 -0.968375
0.013542 -0.008296 -0.974841
0.013359 -0.006039 -0.974597
0.009760 -0.004087 -0.974414
0.015982 -0.006222 -0.972218
0.012200 -0.002135 -0.969900
0.007991 -0.004758 -0.971181
0.009089 -0.003050 -0.967338
0.013420 -0.004758 -0.973926
0.010919 -0.014152 -0.976488
0.013420 -0.010736 -0.974109
0.015250 -0.002562 -0.971669
0.015006 -0.005795 -0.971730
0.014091 -0.007808 -0.977159
0.005734 -0.004636 -0.967460
